0
0
0
1
2
2
2
2
4
5
5
6
6
6
6
7
7
7
7
7
8
8
9
9
9
9
10
10
11
11
11
11
12
13
13
13
14
14
14
14
14
15
15
15
16
17
17
17
20
20
22
22
22
22
23
23
24
24
24
24
25
26
26
26
26
28
29
30
30
30
30
31
32
32
33
33
33
33
33
34
35
35
35
35
35
35
35
35
35
36
36
37
38
39
39
39
39
41
42
42
43
43
43
43
43
43
44
45
45
46
46
47
47
47
48
49
49
50
51
51
52
52
52
52
52
53
53
53
53
54
56
57
58
58
58
59
59
59
60
60
61
61
63
63
66
66
66
68
68
69
70
71
71
71
72
72
73
73
73
73
74
74
75
75
75
75
75
75
76
76
76
77
78
78
79
79
79
81
81
82
84
84
85
85
85
86
87
87
87
87
87
89
89
89
90
90
90
90
92
92
92
93
94
94
94
95
95
95
96
98
99
100
101
101
101
102
102
102
103
104
104
104
105
105
105
106
107
108
108
108
109
109
110
110
111
111
111
112
112
112
112
114
115
115
116
116
116
117
117
117
117
118
118
118
118
119
120
120
120
121
122
122
123
125
125
127
130
130
130
130
131
132
132
132
132
133
134
134
134
135
135
137
138
139
139
141
142
143
144
144
144
144
145
145
146
146
148
149
149
149
150
150
151
152
152
153
153
153
154
154
156
157
157
157
157
158
158
159
159
160
160
160
161
161
163
163
164
164
166
166
166
166
167
167
168
168
168
168
168
168
168
169
169
170
170
171
171
171
173
173
173
173
173
174
175
175
175
175
176
176
177
177
178
178
179
179
179
181
181
182
182
182
182
183
183
187
187
187
188
188
189
189
191
191
191
192
192
192
192
192
192
193
194
196
197
197
198
198